20
0 29 20 21 16 31 100 12 4 31 18 12 4 31 8 15 6 28 22 24
29 0 15 29 28 40 72 21 29 41 12 15 24 7 18 23 22 25 24 16
20 15 0 15 14 25 81 9 23 27 13 17 5 22 18 19 10 16 10 9
21 29 15 0 4 12 92 12 25 13 14 7 20 12 23 10 24 23 11 15
16 28 14 4 0 16 94 9 20 16 18 3 13 19 15 12 22 15 12 20
31 40 25 12 16 0 45 22 34 36 19 20 12 8 26 25 24 35 14 13
100 72 81 92 94 45 0 77 38 99 55 53 69 67 72 91 82 81 91 89
12 21 9 12 9 22 77 0 18 32 11 9 5 13 6 17 14 20 15 18
4 29 23 25 20 34 38 18 0 36 20 11 4 33 14 17 22 35 21 20
31 41 27 13 16 36 99 32 36 0 25 12 16 11 19 16 15 37 23 21
18 12 13 14 18 19 55 11 20 25 0 23 15 8 19 13 15 22 15 10
12 15 17 7 3 20 53 9 11 12 23 0 18 16 8 14 16 14 12 18
4 24 5 20 13 12 69 5 4 16 15 18 0 17 16 19 20 22 20 11
31 7 22 12 19 8 67 13 33 11 8 16 17 0 10 18 17 13 20 14
8 18 18 23 15 26 72 6 14 19 19 8 16 10 0 12 8 21 17 19
15 23 19 10 12 25 91 17 17 16 13 14 19 18 12 0 20 15 21 22
6 22 10 24 22 24 82 14 22 15 15 16 20 17 8 20 0 21 18 12
28 25 16 23 15 35 81 20 35 37 22 14 22 13 21 15 21 0 23 16
22 24 10 11 12 14 91 15 21 23 15 12 20 20 17 21 18 23 0 24
24 16 9 15 20 13 89 18 20 21 10 18 11 14 19 22 12 16 24 0
